	P1 	P4 	.pbm 	0–1 (white & black)
	P2 	P5 	.pgm 	0–255 (gray scale)
	P3 	P6 	.ppm 	0–255 (RGB) (colorido)

	P2
	# A diagonal line 10 pixels wide and 10 pixels high
	10 10
	255
		0 255 255 255 255 255 255 255 255 255
		255 0 255 255 255 255 255 255 255 255
		255 255 0 255 255 255 255 255 255 255
		255 255 255 0 255 255 255 255 255 255
		255 255 255 255 0 255 255 255 255 255
		255 255 255 255 255 0 255 255 255 255
		255 255 255 255 255 255 0 255 255 255
		255 255 255 255 255 255 255 0 255 255
		255 255 255 255 255 255 255 255 0 255
		255 255 255 255 255 255 255 255 255 0



